t 461,550  564,900
f 370,39  425,839
f 464,858  833,915
f 812,389  865,874
n 599,989  806,993
n 376,415  768,548
n 606,361  892,600
f 448,208  645,684
t 50,472  452,788
t 205,417  703,826
t 533,331  906,873
t 857,493  989,970
f 631,950  894,975
f 387,19  720,700
f 511,843  581,945
t 514,557  662,883
f 269,809  876,847
f 149,517  716,777
f 994,939  998,988
t 467,662  555,957
n 952,417  954,845
n 565,226  944,880
n 214,319  805,722
t 532,276  636,847
t 619,80  689,507
n 390,706  884,722
t 17,634  537,766
t 706,440  834,441
t 318,207  499,530
t 698,185  830,343
t 566,679  744,716
t 347,482  959,482
t 39,799  981,872
n 583,543  846,710
f 367,664  595,872
n 805,439  964,995
t 209,584  513,802
f 106,497  266,770
n 975,2  984,623
f 316,684  369,876
f 30,309  259,554
f 399,680  861,942
t 227,740  850,829
n 386,603  552,879
f 703,795  791,963
f 573,803  996,878
f 993,939  997,951
n 809,221  869,723
f 38,720  682,751
f 318,732  720,976
t 88,459  392,654
f 865,654  911,956
t 264,284  857,956
f 281,776  610,797
t 492,660  647,910
f 879,703  925,981
f 772,414  974,518
n 694,41  755,96
n 452,406  885,881
f 107,905  497,910
f 647,222  910,532
n 679,40  845,358
f 144,205  556,362
n 871,804  962,878
n 545,676  545,929
f 316,716  413,941
t 488,826  755,971
t 957,832  976,992
t 857,770  905,964
t 319,198  787,673
n 832,813  863,844
n 818,296  818,681
n 71,699  91,960
f 838,578  967,928
t 440,856  507,942
t 121,970  151,974
t 391,192  659,751
n 78,210  681,419
n 324,591  593,939
t 159,366  249,760
f 617,167  954,601
t 484,607  733,657
n 587,96  888,819
f 680,984  941,991
n 800,512  968,691
f 123,588  853,603
n 1,862  507,912
n 699,839  973,878
f 848,89  887,893
t 344,353  462,403
n 780,731  841,760
t 693,973  847,984
t 989,936  996,958
t 168,475  206,963
n 742,683  769,845
t 768,116  987,396
n 190,364  617,526
f 470,266  530,839
t 122,497  969,645
f 492,432  827,790
n 505,636  957,820
n 295,476  698,958
t 63,298  202,396
n 157,315  412,939
f 69,789  134,837
f 678,335  896,541
t 140,516  842,668
f 697,585  712,668
t 507,832  578,949
n 678,279  886,621
t 449,744  826,910
f 835,354  921,741
t 924,878  985,952
n 666,503  922,905
n 947,453  961,587
t 525,190  795,654
f 62,320  896,362
n 21,458  972,536
n 446,429  821,970
t 376,423  805,455
t 494,896  715,937
n 583,270  667,482
f 183,468  280,548
t 623,289  750,524
n 836,706  967,768
n 419,569  912,908
n 428,260  660,433
f 683,627  916,816
n 447,973  866,980
n 688,607  938,990
n 245,187  597,405
f 558,843  841,942
f 325,666  713,834
t 672,606  814,935
f 161,812  490,954
n 950,362  985,898
n 143,22  205,821
n 89,762  607,790
t 234,245  827,303
n 65,599  764,997
n 232,466  965,695
n 739,122  975,590
f 206,112  940,558
t 690,365  988,552
n 907,438  977,691
f 838,809  944,869
n 222,12  541,832
t 337,66  669,812
n 732,821  897,912
t 182,862  638,996
n 955,808  983,847
t 346,227  841,696
n 983,270  989,756
f 874,849  876,905
f 7,760  678,795
t 973,977  995,983
f 911,961  914,976
n 913,557  952,722
f 607,933  939,999
n 226,604  517,622
f 3,564  344,842
t 340,578  428,610
n 248,916  687,925
t 650,185  955,965
t 831,359  933,536
f 544,614  896,953
t 648,939  975,997
n 464,269  710,521
f 643,149  791,320
f 875,549  972,643
f 953,969  971,972
f 236,474  772,591
t 313,212  489,723
t 896,829  897,837
t 544,449  995,905
f 278,645  977,876
f 887,947  946,977
n 342,861  725,935
n 636,316  692,513
t 857,470  950,528
f 736,196  826,889
n 17,878  850,987
n 142,968  169,987
n 46,470  912,853
n 182,252  279,941
t 261,143  969,657
f 69,600  518,710
n 372,379  779,386
t 867,391  911,601
f 174,287  900,536
t 951,842  993,963
f 626,733  985,827
t 622,70  666,291
f 980,671  985,835
f 477,63  910,72
f 779,39  940,142
n 986,570  997,638
t 842,805  943,985
f 890,886  976,927
f 893,172  897,619
f 198,780  835,826
t 202,209  219,291
f 193,52  833,283
t 414,427  987,972
n 375,231  668,236
f 646,598  869,663
t 271,462  414,650
f 679,121  845,467
t 76,847  504,904
f 15,617  509,810
t 248,105  312,451
f 126,546  922,879
n 531,831  903,872
t 602,431  892,792
f 795,223  892,623
t 167,721  533,929
t 813,251  998,484
t 64,640  752,942
n 155,955  892,985
n 251,329  996,497
f 341,716  462,994
t 760,127  829,189
n 86,413  408,518
t 340,102  918,558
f 441,642  751,889
n 785,292  845,325
f 123,389  725,828
n 905,73  983,270
f 807,86  879,276
t 500,866  864,916
n 809,366  828,534
t 219,356  720,617
f 320,964  769,990
f 903,167  936,631
t 300,137  333,693
t 5,675  755,848
f 852,235  946,783
t 355,556  941,664
n 810,830  867,891
f 509,869  667,903
t 769,400  873,892
n 553,614  810,729
n 179,873  589,962
f 466,866  768,926
t 143,943  465,984
t 182,380  569,552
f 735,808  917,910
n 731,802  910,847
f 522,74  731,485
n 444,127  566,996
f 232,962  893,979
f 231,492  790,976
n 874,567  943,684
t 911,840  990,932
t 547,895  667,935
f 93,294  648,636
f 190,902  532,970
f 451,530  704,613
t 936,774  937,775
f 116,843  533,934
n 950,906  986,993
n 910,51  945,989
n 986,498  994,945
f 125,324  433,704
f 60,313  75,728
n 899,494  940,947
t 832,316  971,817
t 994,983  998,984
t 23,353  917,845
t 174,799  658,859
f 490,878  534,887
f 623,963  917,975
t 721,333  816,975
t 589,687  890,921
n 936,388  948,560
f 485,17  655,610
n 435,158  689,495
n 192,934  734,936
f 299,723  622,847
t 484,160  812,942
f 245,754  818,851
n 298,419  824,634
t 868,687  969,760
t 131,250  685,426
f 201,954  997,983
n 353,910  832,961
f 518,781  645,875
f 866,97  924,784
t 836,599  857,767
n 80,957  776,968
t 277,130  513,244
f 62,266  854,434
n 792,764  872,842
f 160,949  273,989
f 664,203  694,754
t 491,615  998,836
f 210,146  221,482
f 209,780  572,894
n 766,112  792,868
n 222,12  856,241
